1049 bjut
1001 major0 8 8
1002 major1 8 8
1003 major2 9 9
1004 major3 9 9
1005 major4 11 11
2001 major5 9 9
2002 major6 10 10
2003 major7 12 12
2004 major8 10 10
2005 major9 10 10
3101 major10 9 9
3102 major11 12 12
3103 major12 8 8
3104 major13 12 12
3105 major14 30 30
4001 major15 8 8
4002 major16 10 10
4003 major17 9 9
4004 major18 10 10
4005 major19 9 9
4006 major20 9 9
4007 major21 11 11
4008 major22 8 8
4009 major23 10 10
4010 major24 10 10
5001 major25 8 8
5002 major26 10 10
5003 major27 8 8
5004 major28 9 9
5005 major29 8 8